16 0.678646 0.469444 0.017708 0.029630
15 0.616146 0.159722 0.017708 0.028704
15 0.181771 0.205556 0.019792 0.031481
15 0.157031 0.315741 0.020313 0.044444
17 0.476302 0.218981 0.013021 0.021296
15 0.741406 0.237037 0.022396 0.040741
16 0.601042 0.369444 0.015625 0.027778
17 0.476302 0.267593 0.015104 0.025926
16 0.234896 0.437037 0.015625 0.025926
16 0.233594 0.567130 0.023438 0.032407
15 0.741927 0.236111 0.021354 0.038889
15 0.183333 0.202315 0.020833 0.032407
15 0.157812 0.317593 0.020833 0.046296
15 0.615104 0.158333 0.016667 0.029630
16 0.233594 0.568981 0.023438 0.034259
