15 0.784375 0.377778 0.017188 0.030556
17 0.691797 0.388889 0.014844 0.019444
17 0.450391 0.398611 0.013281 0.016667
15 0.512500 0.550000 0.031250 0.044444
17 0.690625 0.428472 0.020313 0.029167
16 0.511328 0.839583 0.024219 0.034722
15 0.785156 0.379861 0.017188 0.029167
16 0.589063 0.556944 0.017188 0.027778
16 0.511719 0.840278 0.025000 0.036111
16 0.749609 0.590972 0.019531 0.029167
16 0.748828 0.590972 0.016406 0.026389
17 0.451953 0.365972 0.013281 0.012500
15 0.512500 0.548611 0.029687 0.044444
15 0.512500 0.548611 0.029687 0.047222
