17 0.365365 0.239815 0.023438 0.031481
15 0.464583 0.173148 0.020833 0.035185
15 0.184635 0.386574 0.027604 0.050926
16 0.583073 0.820370 0.025521 0.042593
16 0.284115 0.710648 0.025521 0.039815
17 0.364323 0.194907 0.017188 0.023148
17 0.697135 0.247685 0.016146 0.025000
17 0.693750 0.294907 0.017708 0.023148
15 0.184635 0.388426 0.026562 0.054630
17 0.363021 0.240741 0.020833 0.031481
17 0.363542 0.210185 0.019792 0.016667
15 0.464844 0.175000 0.020313 0.037037
17 0.362760 0.195370 0.018229 0.022222
15 0.185156 0.385648 0.029687 0.052778
15 0.657031 0.493056 0.023438 0.045370
17 0.365625 0.235185 0.020833 0.031481
15 0.185417 0.389352 0.031250 0.054630
15 0.710156 0.209259 0.015104 0.024074
