16 0.557552 0.575463 0.015104 0.026852
15 0.276302 0.506481 0.022396 0.035185
15 0.206250 0.417593 0.017708 0.035185
16 0.656250 0.653704 0.021875 0.033333
17 0.530990 0.439352 0.004687 0.021296
17 0.413021 0.373611 0.008333 0.013889
15 0.572135 0.401389 0.019271 0.028704
16 0.298698 0.741204 0.020313 0.034259
15 0.713802 0.473611 0.017188 0.028704
16 0.247917 0.633333 0.016667 0.025926
15 0.575521 0.400926 0.018750 0.029630
16 0.247656 0.634722 0.016146 0.026852
15 0.711458 0.470833 0.016667 0.028704
16 0.656250 0.655556 0.021875 0.035185
15 0.713281 0.470370 0.017188 0.031481
16 0.656510 0.653704 0.023438 0.031481
17 0.412240 0.405093 0.009896 0.015741
17 0.529948 0.475000 0.009896 0.020370
