15 0.205990 0.352778 0.020313 0.040741
15 0.740104 0.218056 0.017708 0.030556
16 0.283073 0.572685 0.022396 0.034259
15 0.788542 0.317593 0.018750 0.040741
16 0.347917 0.460185 0.015625 0.029630
16 0.711198 0.445833 0.017188 0.026852
17 0.479948 0.281481 0.013021 0.022222
17 0.481771 0.326852 0.015625 0.024074
16 0.733073 0.564352 0.024479 0.034259
15 0.740885 0.219907 0.019271 0.030556
15 0.787240 0.316667 0.017188 0.040741
16 0.712500 0.445833 0.016667 0.028704
17 0.518229 0.236574 0.014583 0.021296
15 0.309896 0.258333 0.016667 0.027778
15 0.309115 0.260185 0.015104 0.029630
17 0.516667 0.230093 0.014583 0.023148
15 0.207813 0.346296 0.019792 0.035185
17 0.517448 0.195833 0.008854 0.025000
