15 0.221875 0.473148 0.019792 0.040741
16 0.571354 0.533796 0.018750 0.030556
15 0.463802 0.518056 0.032813 0.047222
16 0.729688 0.564815 0.019792 0.027778
17 0.657552 0.357407 0.017188 0.020370
17 0.658854 0.394907 0.015625 0.025000
16 0.729688 0.566667 0.019792 0.029630
16 0.473177 0.814352 0.028646 0.039815
17 0.423958 0.350926 0.012500 0.012963
17 0.426563 0.383796 0.012500 0.019444
16 0.299219 0.727778 0.021354 0.035185
16 0.298958 0.727315 0.018750 0.034259
16 0.473698 0.816204 0.028646 0.041667
15 0.463281 0.518519 0.030729 0.046296
16 0.298438 0.725926 0.021875 0.035185
16 0.473177 0.814815 0.027604 0.040741
15 0.465625 0.517593 0.034375 0.048148
