15 0.854948 0.329630 0.026562 0.048148
17 0.467708 0.307870 0.017708 0.021296
15 0.234115 0.394444 0.023438 0.048148
15 0.527344 0.543056 0.033854 0.056481
16 0.313281 0.691667 0.030729 0.053704
17 0.746094 0.393519 0.021354 0.035185
16 0.791406 0.557870 0.023438 0.039815
16 0.312760 0.692130 0.028646 0.056481
17 0.747396 0.343981 0.019792 0.032407
17 0.748698 0.342130 0.019271 0.028704
16 0.514323 0.858796 0.033854 0.056481
17 0.750000 0.340741 0.020833 0.031481
15 0.233854 0.393981 0.023958 0.047222
17 0.468750 0.272222 0.016667 0.022222
15 0.528125 0.545833 0.034375 0.056481
15 0.855469 0.328704 0.026562 0.046296
17 0.746354 0.390278 0.020833 0.032407
15 0.527604 0.543056 0.032292 0.054630
16 0.514323 0.855556 0.031771 0.055556
17 0.746094 0.395370 0.023438 0.031481
