15 0.729688 0.444907 0.018750 0.036111
15 0.272135 0.489815 0.027604 0.042593
16 0.230208 0.613889 0.018750 0.031481
17 0.408333 0.331481 0.010417 0.018519
15 0.188542 0.379167 0.020833 0.039815
16 0.668229 0.638426 0.021875 0.036111
15 0.272135 0.489352 0.029687 0.043519
15 0.577865 0.365278 0.019271 0.030556
16 0.294531 0.744907 0.022396 0.034259
15 0.186719 0.378241 0.018229 0.037963
15 0.577344 0.366667 0.021354 0.035185
17 0.547135 0.413889 0.007812 0.018519
15 0.726042 0.444907 0.018750 0.034259
15 0.573958 0.364352 0.021875 0.030556
16 0.294792 0.746296 0.022917 0.037037
15 0.187500 0.379630 0.022917 0.038889
17 0.408073 0.364352 0.010937 0.015741
17 0.545312 0.451389 0.015625 0.023148
