16 0.289062 0.755556 0.026042 0.042593
15 0.204687 0.431944 0.023958 0.047222
15 0.632031 0.581944 0.025521 0.043519
17 0.401823 0.271759 0.018229 0.023148
17 0.716406 0.394444 0.020313 0.031481
15 0.752604 0.319907 0.019792 0.034259
17 0.720573 0.339815 0.019271 0.029630
17 0.399479 0.312963 0.016667 0.024074
17 0.719271 0.343519 0.019792 0.031481
16 0.567708 0.900926 0.025000 0.046296
16 0.287760 0.755093 0.023438 0.041667
15 0.204167 0.433333 0.023958 0.050000
17 0.717448 0.394444 0.019271 0.024074
16 0.567448 0.901852 0.025521 0.046296
15 0.513021 0.260185 0.028125 0.038889
15 0.510156 0.261111 0.023438 0.037037
17 0.719271 0.342130 0.020833 0.021296
