15 0.138802 0.419907 0.020313 0.039815
16 0.228646 0.623611 0.021875 0.037963
16 0.667969 0.558333 0.024479 0.038889
17 0.456510 0.259722 0.010937 0.025000
15 0.671094 0.221296 0.016146 0.029630
15 0.136979 0.420370 0.018750 0.040741
15 0.698958 0.316204 0.015625 0.036111
16 0.299740 0.496296 0.019271 0.037037
15 0.675260 0.222685 0.018229 0.030556
15 0.700000 0.316667 0.016667 0.037037
17 0.404948 0.362963 0.015104 0.024074
17 0.453646 0.229630 0.008333 0.014815
17 0.401302 0.313426 0.013021 0.021296
15 0.138281 0.420370 0.024479 0.040741
16 0.300781 0.495370 0.019271 0.037037
15 0.257812 0.302315 0.011458 0.019444
