16 0.817708 0.598611 0.023958 0.041667
15 0.922396 0.286574 0.021875 0.043519
17 0.389844 0.159722 0.016146 0.025000
17 0.691146 0.163889 0.018750 0.027778
15 0.322396 0.136574 0.018750 0.032407
15 0.545312 0.392593 0.033333 0.046296
16 0.565625 0.705556 0.025000 0.042593
15 0.556250 0.104630 0.022917 0.025926
17 0.691406 0.117593 0.015104 0.022222
15 0.323698 0.140741 0.021354 0.033333
17 0.690625 0.120370 0.015625 0.020370
17 0.691146 0.164352 0.017708 0.021296
15 0.922656 0.286574 0.023438 0.043519
15 0.548698 0.396296 0.035937 0.048148
17 0.389844 0.213889 0.018229 0.031481
16 0.369531 0.369907 0.017188 0.030556
15 0.545833 0.393981 0.033333 0.047222
17 0.693229 0.167130 0.022917 0.028704
15 0.921875 0.286574 0.028125 0.045370
17 0.390625 0.158796 0.014583 0.026852
17 0.389844 0.209722 0.015104 0.026852
15 0.546875 0.394444 0.036458 0.055556
17 0.389844 0.210648 0.017188 0.028704
