17 0.691016 0.389583 0.014844 0.018056
17 0.451953 0.406250 0.017969 0.026389
15 0.512109 0.550694 0.030469 0.043056
17 0.689844 0.429861 0.018750 0.026389
16 0.511328 0.841667 0.024219 0.036111
15 0.785156 0.375694 0.015625 0.026389
16 0.748437 0.592361 0.017188 0.026389
17 0.450781 0.366667 0.014063 0.016667
15 0.786328 0.379167 0.016406 0.027778
16 0.511719 0.842361 0.025000 0.037500
15 0.789062 0.376389 0.014063 0.025000
16 0.749219 0.592361 0.018750 0.029167
16 0.328125 0.742361 0.018750 0.029167
