15 0.704427 0.219907 0.024479 0.032407
15 0.499479 0.491204 0.027083 0.043519
15 0.465104 0.196296 0.022917 0.037037
16 0.480208 0.800000 0.023958 0.038889
15 0.118490 0.401389 0.019271 0.039815
16 0.230729 0.695833 0.022917 0.039815
17 0.636719 0.250463 0.016146 0.023148
17 0.339062 0.214352 0.011458 0.017593
17 0.340104 0.261574 0.018750 0.025000
16 0.656771 0.446759 0.015625 0.028704
17 0.636458 0.298148 0.016667 0.022222
17 0.339844 0.257870 0.016146 0.019444
15 0.498958 0.490278 0.026042 0.041667
17 0.338542 0.220833 0.014583 0.021296
15 0.464583 0.197222 0.027083 0.038889
16 0.231250 0.698148 0.025000 0.044444
