15 0.841927 0.511574 0.028646 0.045370
15 0.403906 0.650000 0.040104 0.062963
15 0.189323 0.451852 0.025521 0.051852
15 0.615885 0.401852 0.023438 0.037037
16 0.397917 0.967130 0.029167 0.045370
17 0.446094 0.412963 0.015104 0.020370
16 0.765885 0.735185 0.024479 0.042593
17 0.689583 0.495833 0.018750 0.028704
16 0.248438 0.752778 0.025000 0.040741
17 0.685937 0.547685 0.017708 0.032407
15 0.612500 0.401852 0.021875 0.035185
17 0.447917 0.374074 0.012500 0.018519
17 0.685677 0.543519 0.017188 0.031481
16 0.601562 0.621296 0.016667 0.031481
16 0.397396 0.967593 0.030208 0.046296
16 0.248698 0.752778 0.025521 0.040741
15 0.841406 0.507407 0.034896 0.051852
15 0.187760 0.453241 0.023438 0.050926
15 0.401823 0.648148 0.051562 0.072222
15 0.188802 0.455556 0.027604 0.057407
