15 0.757292 0.473148 0.019792 0.031481
15 0.306771 0.489352 0.022917 0.039815
16 0.693490 0.660648 0.021354 0.034259
16 0.589583 0.569907 0.014583 0.025000
17 0.445833 0.354167 0.012500 0.019444
17 0.569792 0.432870 0.011458 0.021296
16 0.325260 0.730556 0.022396 0.035185
16 0.589844 0.570370 0.013021 0.022222
15 0.606250 0.387963 0.017708 0.027778
15 0.606250 0.389815 0.017708 0.027778
15 0.238542 0.391204 0.019792 0.037963
16 0.325000 0.729630 0.020833 0.035185
16 0.273438 0.610648 0.016667 0.026852
15 0.236458 0.387037 0.017708 0.033333
15 0.236979 0.387037 0.018750 0.035185
15 0.758594 0.471759 0.020313 0.032407
15 0.607552 0.388889 0.018229 0.025926
17 0.589844 0.570370 0.013021 0.022222
15 0.238542 0.387963 0.018750 0.031481
15 0.305729 0.493056 0.025000 0.041667
17 0.445833 0.383333 0.011458 0.016667
17 0.569271 0.469444 0.011458 0.016667
