15 0.762240 0.378241 0.028646 0.043519
16 0.389062 0.461574 0.019792 0.034259
17 0.501302 0.251389 0.015104 0.023148
15 0.341146 0.256481 0.017708 0.029630
15 0.761979 0.377778 0.025000 0.040741
15 0.337500 0.256944 0.026042 0.026852
16 0.836719 0.518056 0.021354 0.037963
16 0.729948 0.631019 0.021354 0.034259
17 0.667448 0.229167 0.016146 0.023148
17 0.500260 0.295833 0.015104 0.028704
17 0.665365 0.193056 0.013021 0.019444
17 0.499219 0.297222 0.015104 0.027778
16 0.729167 0.632870 0.021875 0.036111
15 0.763021 0.377778 0.030208 0.042593
15 0.902344 0.268519 0.023438 0.037037
16 0.388021 0.460648 0.018750 0.034259
15 0.899479 0.270833 0.019792 0.032407
