15 0.806641 0.395833 0.019531 0.036111
17 0.466406 0.400000 0.018750 0.025000
16 0.760547 0.604167 0.017969 0.027778
16 0.338672 0.730556 0.021094 0.036111
16 0.517578 0.838194 0.024219 0.034722
15 0.525781 0.549306 0.029687 0.043056
17 0.707031 0.393750 0.018750 0.026389
17 0.707422 0.438194 0.022656 0.029167
15 0.525391 0.547917 0.028906 0.043056
17 0.465234 0.360417 0.016406 0.020833
15 0.525391 0.547917 0.028906 0.043056
15 0.808203 0.397222 0.017969 0.033333
16 0.759766 0.603472 0.016406 0.026389
15 0.524219 0.548611 0.034375 0.052778
16 0.599609 0.558333 0.016406 0.027778
