15 0.219010 0.372685 0.022396 0.041667
16 0.717969 0.443981 0.017188 0.028704
16 0.296094 0.599074 0.023438 0.035185
15 0.813021 0.313426 0.018750 0.041667
17 0.518750 0.243981 0.016667 0.025000
16 0.348438 0.480556 0.016667 0.029630
17 0.506510 0.335648 0.015104 0.023148
16 0.755729 0.563889 0.021875 0.031481
15 0.740104 0.221296 0.017708 0.027778
15 0.811979 0.312963 0.016667 0.040741
15 0.218750 0.372685 0.027083 0.045370
15 0.308333 0.271296 0.018750 0.027778
17 0.514062 0.247685 0.012500 0.023148
17 0.511979 0.247222 0.015625 0.022222
16 0.348177 0.477778 0.017188 0.029630
15 0.220573 0.371296 0.022396 0.042593
15 0.734115 0.218981 0.017188 0.028704
17 0.507812 0.340278 0.015625 0.019444
16 0.348958 0.480093 0.018750 0.030556
15 0.734635 0.219907 0.017188 0.028704
17 0.519010 0.230093 0.015104 0.025000
16 0.755469 0.566667 0.023438 0.035185
17 0.505990 0.296296 0.017188 0.035185
