17 0.661719 0.310648 0.014063 0.025000
15 0.707552 0.240741 0.018229 0.035185
17 0.355208 0.264815 0.016667 0.018519
16 0.248698 0.711111 0.024479 0.040741
15 0.551042 0.505556 0.030208 0.042593
15 0.472135 0.203241 0.021354 0.034259
15 0.146615 0.405093 0.021354 0.041667
16 0.514323 0.820833 0.024479 0.043519
17 0.352604 0.223611 0.011458 0.017593
17 0.663281 0.265741 0.015104 0.025926
16 0.248698 0.711574 0.025521 0.041667
15 0.552344 0.505093 0.027604 0.043519
15 0.548438 0.505093 0.041667 0.047222
