17 0.403125 0.244907 0.018750 0.026852
17 0.402344 0.294444 0.020313 0.031481
15 0.789844 0.617130 0.028646 0.054630
16 0.336979 0.811574 0.020833 0.034259
16 0.338021 0.813889 0.022917 0.038889
16 0.675781 0.941204 0.023438 0.043519
17 0.756250 0.330556 0.018750 0.029630
16 0.675000 0.942593 0.023958 0.042593
15 0.257552 0.456944 0.025521 0.047222
15 0.257552 0.459722 0.025521 0.050926
17 0.752604 0.384722 0.019792 0.026852
16 0.675260 0.943981 0.025521 0.045370
15 0.791146 0.615278 0.025000 0.052778
17 0.402604 0.248611 0.025000 0.025000
15 0.474219 0.228241 0.021354 0.026852
15 0.730208 0.287963 0.014583 0.024074
