15 0.914844 0.224537 0.026562 0.047222
16 0.793229 0.532870 0.026042 0.039815
17 0.379948 0.028704 0.016146 0.025926
16 0.521875 0.601389 0.025000 0.041667
17 0.379948 0.081481 0.019271 0.031481
15 0.499219 0.287500 0.030729 0.049074
17 0.698177 0.070833 0.018229 0.023148
17 0.380990 0.084259 0.017188 0.029630
15 0.913021 0.224537 0.025000 0.049074
15 0.497917 0.284722 0.031250 0.050926
17 0.378646 0.012963 0.017708 0.024074
17 0.707552 0.033796 0.019271 0.015741
17 0.701302 0.072685 0.020313 0.023148
15 0.496615 0.283333 0.026562 0.044444
15 0.498437 0.285648 0.027083 0.047222
