15 0.720052 0.238426 0.016146 0.032407
15 0.707292 0.342130 0.017708 0.034259
15 0.194271 0.420370 0.015625 0.029630
16 0.277083 0.615278 0.019792 0.032407
17 0.419792 0.332870 0.014583 0.023148
16 0.701302 0.462963 0.016146 0.029630
17 0.506250 0.276852 0.017708 0.024074
16 0.684375 0.586111 0.022917 0.033333
15 0.324740 0.311574 0.016146 0.023148
15 0.709635 0.339815 0.016146 0.031481
15 0.720052 0.236111 0.017188 0.033333
17 0.421615 0.376389 0.009896 0.019444
17 0.502604 0.240278 0.011458 0.015741
