15 0.179688 0.328704 0.016667 0.031481
15 0.713021 0.205556 0.019792 0.046296
16 0.256510 0.526852 0.019271 0.031481
15 0.640365 0.318056 0.023438 0.037963
17 0.375781 0.318056 0.015104 0.025000
17 0.503385 0.216204 0.017188 0.025000
17 0.506250 0.208796 0.016667 0.025000
17 0.374479 0.316667 0.014583 0.024074
16 0.685156 0.439352 0.020313 0.034259
17 0.372396 0.272685 0.014583 0.023148
15 0.181771 0.331481 0.019792 0.033333
16 0.625000 0.563426 0.020833 0.032407
15 0.334375 0.236574 0.013542 0.025000
16 0.626042 0.562963 0.021875 0.031481
15 0.713021 0.202778 0.022917 0.042593
16 0.626302 0.565278 0.022396 0.036111
15 0.711979 0.203241 0.018750 0.041667
