16 0.617448 0.907407 0.023438 0.038889
16 0.941406 0.738426 0.021354 0.032407
16 0.778906 0.670833 0.017188 0.030556
17 0.840365 0.542130 0.017188 0.026852
15 0.426042 0.550463 0.018750 0.037963
15 0.603646 0.619444 0.031250 0.044444
15 0.992448 0.513889 0.014063 0.038889
17 0.840625 0.498611 0.017708 0.025000
15 0.427865 0.548611 0.019271 0.036111
16 0.476042 0.789352 0.021875 0.034259
17 0.619271 0.500463 0.013542 0.025000
16 0.475260 0.787500 0.020313 0.032407
15 0.601302 0.623148 0.042188 0.051852
17 0.621615 0.468056 0.011979 0.023148
