16 0.258333 0.605093 0.019792 0.034259
16 0.708333 0.645833 0.020833 0.036111
15 0.777865 0.445833 0.020313 0.037963
15 0.215625 0.362037 0.020833 0.038889
16 0.327344 0.749537 0.022396 0.034259
15 0.309896 0.485648 0.028125 0.043519
17 0.591927 0.410648 0.009896 0.017593
15 0.609115 0.356019 0.020313 0.032407
15 0.310417 0.485648 0.030208 0.043519
17 0.441406 0.319907 0.013021 0.017593
15 0.775260 0.445370 0.021354 0.038889
15 0.216667 0.364815 0.022917 0.046296
17 0.440104 0.353241 0.012500 0.021296
17 0.589583 0.450926 0.012500 0.020370
