16 0.316927 0.481481 0.019271 0.031481
15 0.813542 0.332407 0.023958 0.042593
15 0.213281 0.364352 0.019271 0.043519
16 0.283333 0.606481 0.023958 0.035185
17 0.516927 0.289815 0.013021 0.020370
16 0.745573 0.566204 0.021354 0.030556
17 0.519271 0.339815 0.015625 0.024074
15 0.812500 0.332407 0.020833 0.042593
15 0.281510 0.262037 0.019271 0.029630
15 0.708073 0.241667 0.018229 0.029630
15 0.712760 0.244907 0.018229 0.030556
16 0.745573 0.568519 0.020313 0.031481
17 0.495833 0.249537 0.012500 0.021296
15 0.213021 0.365278 0.020833 0.047222
15 0.212240 0.364352 0.018229 0.043519
15 0.284115 0.264352 0.015104 0.030556
16 0.685677 0.457407 0.015104 0.025926
17 0.519531 0.341667 0.017188 0.018519
15 0.273698 0.264815 0.016146 0.027778
15 0.813021 0.332407 0.027083 0.040741
16 0.318490 0.482407 0.019271 0.031481
15 0.709635 0.243056 0.020313 0.032407
17 0.497656 0.211111 0.014063 0.027778
