16 0.868750 0.576389 0.022917 0.039815
16 0.654427 0.687500 0.025521 0.047222
17 0.455729 0.186574 0.017708 0.026852
16 0.403385 0.392593 0.017188 0.031481
15 0.354687 0.171759 0.017708 0.032407
17 0.721094 0.180093 0.017188 0.028704
15 0.655469 0.390278 0.035937 0.052778
15 0.970573 0.282407 0.022396 0.055556
15 0.970313 0.278704 0.021875 0.048148
15 0.655729 0.392593 0.036458 0.055556
17 0.456250 0.235185 0.017708 0.025926
17 0.455990 0.189815 0.017188 0.029630
15 0.353906 0.170833 0.017188 0.032407
15 0.653125 0.391204 0.047917 0.063889
15 0.356510 0.173148 0.019271 0.033333
16 0.654427 0.685648 0.033854 0.052778
15 0.572135 0.135648 0.019271 0.026852
17 0.722396 0.138889 0.011458 0.024074
