16 0.372656 0.991204 0.021354 0.017593
16 0.694531 0.978241 0.024479 0.043519
15 0.804948 0.661111 0.029687 0.053704
17 0.637760 0.432407 0.014063 0.016667
17 0.635938 0.471759 0.016667 0.025000
17 0.640885 0.427778 0.016146 0.022222
15 0.550260 0.388426 0.024479 0.032407
17 0.638021 0.473148 0.016667 0.025926
17 0.636719 0.473148 0.015104 0.020370
15 0.804948 0.659722 0.028646 0.052778
16 0.372917 0.990741 0.022917 0.018519
17 0.310156 0.443056 0.019271 0.032407
15 0.325781 0.651389 0.025521 0.054630
17 0.312760 0.393519 0.016146 0.022222
