15 0.227344 0.383333 0.021354 0.042593
15 0.327083 0.523148 0.029167 0.044444
16 0.267969 0.637500 0.020313 0.034259
17 0.625000 0.441204 0.012500 0.025000
16 0.342708 0.798148 0.026042 0.040741
15 0.815104 0.479630 0.019792 0.035185
15 0.814844 0.480556 0.020313 0.037037
17 0.460417 0.337963 0.011458 0.018519
16 0.739583 0.686111 0.020833 0.035185
15 0.327344 0.523611 0.029687 0.047222
15 0.632552 0.368056 0.029687 0.037963
15 0.324479 0.522685 0.039583 0.049074
15 0.228906 0.386574 0.025521 0.050926
15 0.815365 0.476852 0.021354 0.038889
17 0.460156 0.371759 0.009896 0.017593
17 0.621615 0.483796 0.014063 0.023148
