17 0.356250 0.269907 0.015625 0.025000
16 0.182292 0.555556 0.016667 0.027778
15 0.121354 0.442130 0.023958 0.045370
16 0.634896 0.506944 0.019792 0.030556
17 0.442188 0.339815 0.019792 0.029630
16 0.203125 0.684259 0.020833 0.033333
17 0.439063 0.296296 0.015625 0.024074
17 0.440365 0.296296 0.015104 0.020370
15 0.545573 0.223611 0.018229 0.026852
16 0.547135 0.429630 0.014063 0.024074
15 0.552865 0.225463 0.019271 0.026852
15 0.683594 0.278241 0.019271 0.034259
17 0.352604 0.231481 0.011458 0.016667
15 0.683854 0.279630 0.019792 0.037037
