17 0.343750 0.337500 0.016667 0.026852
16 0.719271 0.978704 0.026042 0.042593
16 0.375260 0.968519 0.024479 0.037037
15 0.316146 0.608796 0.021875 0.056481
17 0.339323 0.389352 0.018229 0.021296
15 0.841406 0.654167 0.029687 0.054630
17 0.685156 0.439815 0.018229 0.027778
17 0.339062 0.392130 0.017708 0.030556
17 0.342969 0.345833 0.016146 0.028704
15 0.841667 0.656019 0.030208 0.054630
17 0.688542 0.391204 0.011458 0.019444
16 0.374740 0.968056 0.023438 0.034259
17 0.341927 0.338426 0.019271 0.025000
17 0.685677 0.440278 0.016146 0.026852
17 0.345573 0.321759 0.019271 0.030556
17 0.340365 0.387037 0.018229 0.027778
15 0.316927 0.610648 0.022396 0.058333
15 0.609896 0.345833 0.037500 0.032407
17 0.686719 0.395833 0.015104 0.023148
17 0.337240 0.393519 0.016146 0.027778
16 0.375781 0.967593 0.023438 0.035185
15 0.316406 0.609722 0.023438 0.058333
16 0.374740 0.968981 0.021354 0.034259
15 0.840885 0.656944 0.029687 0.052778
