15 0.163802 0.299537 0.017188 0.028704
17 0.368750 0.237500 0.012500 0.023148
16 0.242708 0.493519 0.019792 0.033333
16 0.669531 0.393981 0.019271 0.030556
17 0.486198 0.177315 0.013021 0.017593
16 0.341667 0.392130 0.015625 0.026852
15 0.642708 0.273611 0.021875 0.032407
16 0.622917 0.511111 0.020833 0.033333
15 0.313021 0.201389 0.026042 0.026852
15 0.162760 0.298611 0.018229 0.030556
15 0.697656 0.165741 0.018229 0.037037
17 0.371354 0.276389 0.013542 0.025000
17 0.372656 0.280556 0.014063 0.025926
15 0.163281 0.300463 0.017188 0.030556
17 0.484896 0.151389 0.011458 0.017593
