15 0.439583 0.295833 0.025000 0.049074
17 0.351823 0.028241 0.018229 0.025000
15 0.880469 0.259722 0.028646 0.050926
17 0.352083 0.082870 0.018750 0.030556
17 0.683333 0.033796 0.014583 0.017593
16 0.472135 0.618056 0.023438 0.039815
17 0.681771 0.038889 0.017708 0.022222
17 0.680469 0.087500 0.019271 0.025000
17 0.684115 0.082407 0.014063 0.020370
15 0.439323 0.296759 0.025521 0.045370
15 0.880208 0.258333 0.028125 0.050000
16 0.472656 0.618056 0.025521 0.041667
16 0.757552 0.568981 0.026562 0.043519
17 0.352083 0.077778 0.017708 0.027778
17 0.350781 0.013426 0.019271 0.025000
