15 0.093750 0.404167 0.022917 0.045370
17 0.627865 0.315278 0.022396 0.039815
15 0.445573 0.514815 0.035937 0.059259
16 0.202604 0.706481 0.021875 0.040741
17 0.334115 0.262037 0.017188 0.020370
15 0.709375 0.231944 0.020833 0.039815
17 0.626302 0.260185 0.019271 0.031481
17 0.331250 0.225000 0.022917 0.025926
16 0.437760 0.830093 0.032813 0.054630
16 0.660937 0.462963 0.023958 0.040741
15 0.479427 0.204167 0.029687 0.039815
15 0.445052 0.512963 0.040104 0.068519
15 0.709115 0.233333 0.021354 0.042593
17 0.625781 0.314352 0.021354 0.037963
15 0.093490 0.406481 0.022396 0.050000
17 0.625260 0.259722 0.019271 0.030556
