15 0.404427 0.531481 0.019271 0.037037
16 0.913802 0.683796 0.019271 0.032407
16 0.755208 0.630556 0.016667 0.027778
17 0.596354 0.471296 0.013542 0.022222
15 0.579167 0.593981 0.029167 0.043519
16 0.599219 0.873611 0.024479 0.036111
16 0.457031 0.766667 0.021354 0.033333
15 0.578906 0.592593 0.028646 0.042593
16 0.456771 0.768981 0.021875 0.036111
17 0.811719 0.499074 0.017188 0.025926
15 0.745833 0.435648 0.015625 0.026852
16 0.600000 0.873611 0.025000 0.036111
15 0.407292 0.533796 0.020833 0.041667
15 0.595052 0.436111 0.015104 0.018519
17 0.811198 0.456019 0.014063 0.025000
15 0.967969 0.456019 0.016146 0.026852
