16 0.366667 0.449537 0.021875 0.037963
16 0.501042 0.381944 0.016667 0.030556
17 0.452865 0.237037 0.017188 0.027778
15 0.892969 0.256481 0.022396 0.040741
16 0.686198 0.648148 0.024479 0.042593
17 0.453906 0.283333 0.018229 0.033333
17 0.657292 0.206481 0.017708 0.025926
15 0.892188 0.257407 0.023958 0.040741
15 0.495573 0.183333 0.019271 0.027778
15 0.702083 0.378704 0.031250 0.042593
16 0.499740 0.381019 0.015104 0.030556
15 0.308854 0.240278 0.020833 0.036111
15 0.697917 0.382870 0.027083 0.047222
17 0.659635 0.208333 0.015104 0.020370
16 0.685937 0.646759 0.026042 0.045370
17 0.655990 0.176389 0.016146 0.019444
16 0.826042 0.522222 0.022917 0.040741
16 0.826823 0.518981 0.021354 0.036111
16 0.364844 0.450000 0.022396 0.040741
