16 0.208073 0.759722 0.023438 0.039815
16 0.308594 0.963889 0.030729 0.048148
16 0.719010 0.777778 0.022396 0.037037
15 0.302604 0.645833 0.031250 0.049074
15 0.165104 0.469907 0.023958 0.045370
17 0.617969 0.526389 0.020313 0.030556
17 0.420052 0.449074 0.022396 0.027778
15 0.600000 0.444907 0.041667 0.034259
15 0.799479 0.556019 0.023958 0.041667
15 0.798438 0.554167 0.023958 0.039815
17 0.615885 0.569907 0.020313 0.021296
16 0.575000 0.660185 0.017708 0.031481
15 0.300521 0.643519 0.044792 0.055556
17 0.614844 0.572222 0.020313 0.031481
17 0.612760 0.574074 0.021354 0.033333
16 0.573698 0.659722 0.017188 0.030556
17 0.618490 0.524537 0.019271 0.023148
15 0.165365 0.470370 0.026562 0.042593
