15 0.404427 0.531481 0.019271 0.037037
16 0.913542 0.683796 0.017708 0.030556
16 0.755208 0.630093 0.015625 0.026852
16 0.599219 0.872685 0.024479 0.037963
15 0.578906 0.593981 0.028646 0.043519
17 0.595573 0.471759 0.014063 0.023148
16 0.456771 0.766204 0.020833 0.032407
17 0.813542 0.497685 0.012500 0.023148
17 0.813281 0.455093 0.017188 0.026852
16 0.912500 0.683796 0.016667 0.030556
16 0.456771 0.768519 0.020833 0.035185
15 0.578646 0.593056 0.028125 0.043519
16 0.599740 0.872685 0.025521 0.037963
15 0.407292 0.534722 0.020833 0.041667
15 0.595833 0.437500 0.014583 0.023148
15 0.965625 0.457870 0.014583 0.028704
