15 0.152083 0.387500 0.017708 0.032407
15 0.690625 0.292593 0.016667 0.037037
15 0.680729 0.192593 0.015625 0.027778
17 0.467187 0.232407 0.014583 0.024074
16 0.315365 0.468056 0.017188 0.032407
17 0.398438 0.289352 0.012500 0.023148
16 0.663802 0.417593 0.016146 0.027778
17 0.466406 0.198611 0.011979 0.017593
17 0.401302 0.335648 0.014063 0.023148
16 0.238021 0.587500 0.020833 0.036111
15 0.151823 0.390278 0.017188 0.036111
16 0.663281 0.534722 0.023438 0.036111
16 0.662240 0.535648 0.022396 0.034259
16 0.238802 0.586111 0.021354 0.035185
16 0.238802 0.588426 0.022396 0.039815
15 0.690104 0.292593 0.015625 0.033333
15 0.675260 0.191667 0.016146 0.027778
