15 0.202865 0.512037 0.023438 0.048148
16 0.264323 0.821296 0.025521 0.046296
15 0.850000 0.531019 0.030208 0.047222
15 0.453385 0.697685 0.038021 0.058333
16 0.778385 0.756019 0.021354 0.037963
17 0.454948 0.451852 0.014063 0.020370
17 0.711979 0.577778 0.020833 0.037037
17 0.456510 0.415278 0.015104 0.015741
17 0.715104 0.575000 0.019792 0.035185
17 0.717187 0.524537 0.020833 0.032407
17 0.719010 0.518056 0.020313 0.034259
15 0.617188 0.429630 0.039583 0.029630
16 0.262760 0.820370 0.024479 0.046296
15 0.452344 0.697685 0.033854 0.058333
17 0.714583 0.578241 0.019792 0.034259
15 0.848698 0.529630 0.027604 0.048148
15 0.451823 0.696296 0.049479 0.066667
15 0.453646 0.698611 0.038542 0.062037
17 0.717708 0.522685 0.020833 0.025000
